0 0.91171875 0.47734375 0.1671875 0.30625
0 0.81171875 0.56328125 0.13984375 0.2671875
0 0.88046875 0.240625 0.153125 0.22265625
0 0.725 0.184375 0.1296875 0.22578125
0 0.61953125 0.5515625 0.153125 0.2609375
0 0.53515625 0.46171875 0.12890625 0.240625
0 0.47578125 0.19453125 0.10859375 0.20703125
0 0.39921875 0.1875 0.096875 0.15859375
0 0.3578125 0.53671875 0.140625 0.2375
0 0.31796875 0.17421875 0.090625 0.1640625
0 0.2 0.16796875 0.115625 0.20390625
0 0.0671875 0.165625 0.12421875 0.2171875
0 0.153125 0.4703125 0.1359375 0.21875