0 0.38828125 0.15859375 0.0828125 0.178125
0 0.1359375 0.1671875 0.06953125 0.14296875
0 0.6265625 0.20078125 0.0484375 0.10390625
0 0.6734375 0.221875 0.08359375 0.18359375
0 0.8609375 0.259375 0.1 0.184375
0 0.19921875 0.303125 0.0796875 0.1984375
0 0.359375 0.32890625 0.07265625 0.1640625
0 0.4703125 0.38359375 0.15625 0.3140625
0 0.3109375 0.48046875 0.08984375 0.21953125
0 0.3375 0.05703125 0.040625 0.078125
0 0.71875 0.66484375 0.1171875 0.25703125
0 0.4921875 0.07109375 0.03671875 0.0859375
0 0.128125 0.76171875 0.09609375 0.1875
0 0.53828125 0.09609375 0.0703125 0.153125