0 0.60234375 0.75390625 0.03671875 0.06484375
0 0.3265625 0.7640625 0.0546875 0.08515625
0 0.69453125 0.078125 0.0265625 0.04140625
0 0.940625 0.77890625 0.03359375 0.06640625
0 0.45546875 0.78828125 0.02734375 0.05546875
0 0.9046875 0.8 0.03671875 0.06328125
0 0.6453125 0.8203125 0.03671875 0.06328125
0 0.63515625 0.0828125 0.02734375 0.04375
0 0.54453125 0.86484375 0.04375 0.0703125
0 0.315625 0.0875 0.02421875 0.04140625
0 0.70625 0.0875 0.025 0.04140625
0 0.840625 0.08828125 0.021875 0.03359375
0 0.7515625 0.909375 0.04453125 0.0765625
0 0.7953125 0.09296875 0.025 0.03203125
0 0.409375 0.93203125 0.0421875 0.06875
0 0.24609375 0.9375 0.0421875 0.07578125
0 0.9796875 0.096875 0.0296875 0.053125
0 0.90703125 0.96796875 0.05078125 0.0625
0 0.96484375 0.9734375 0.05 0.05078125
0 0.53984375 0.09921875 0.02578125 0.04296875
0 0.43125 0.1015625 0.0265625 0.04296875
0 0.72890625 0.10234375 0.02578125 0.04140625
0 0.403125 0.1109375 0.025 0.04140625
0 0.296875 0.11875 0.02578125 0.0421875
0 0.62890625 0.01328125 0.02421875 0.025
0 0.76640625 0.01328125 0.0234375 0.0265625
0 0.67265625 0.13125 0.02421875 0.04375
0 0.49921875 0.134375 0.028125 0.04140625
0 0.7359375 0.13828125 0.02421875 0.03515625
0 0.2625 0.14296875 0.02421875 0.0390625
0 0.64375 0.159375 0.0265625 0.046875
0 0.82421875 0.1609375 0.02734375 0.0453125
0 0.86953125 0.16171875 0.02734375 0.04375
0 0.08984375 0.16484375 0.03125 0.04453125
0 0.45390625 0.0171875 0.021875 0.03125
0 0.95078125 0.17578125 0.03125 0.0484375
0 0.92421875 0.17578125 0.02734375 0.05078125
0 0.6234375 0.1828125 0.02734375 0.04609375
0 0.36015625 0.01875 0.02421875 0.0359375
0 0.08671875 0.19375 0.02734375 0.046875
0 0.7078125 0.1984375 0.028125 0.0484375
0 0.32265625 0.19921875 0.0296875 0.05
0 0.39765625 0.19921875 0.02890625 0.046875
0 0.853125 0.21640625 0.028125 0.046875
0 0.50625 0.22890625 0.0296875 0.0515625
0 0.54296875 0.0234375 0.02421875 0.04375
0 0.7734375 0.23125 0.03046875 0.05234375
0 0.2453125 0.23125 0.028125 0.04296875
0 0.34453125 0.2390625 0.02734375 0.05625
0 0.21328125 0.24375 0.02734375 0.0484375
0 0.9578125 0.025 0.02265625 0.03984375
0 0.3015625 0.26328125 0.03125 0.0484375
0 0.90390625 0.2671875 0.02265625 0.03671875
0 0.22265625 0.275 0.028125 0.05
0 0.84765625 0.2765625 0.0296875 0.05
0 0.140625 0.2828125 0.03203125 0.053125
0 0.2640625 0.28359375 0.0296875 0.05
0 0.63203125 0.2875 0.03046875 0.05703125
0 0.5609375 0.2890625 0.0296875 0.05546875
0 0.36796875 0.29140625 0.02734375 0.0484375
0 0.81171875 0.3 0.0375 0.05625
0 0.87421875 0.3140625 0.034375 0.05234375
0 0.92109375 0.31484375 0.03515625 0.0578125
0 0.45859375 0.3171875 0.03984375 0.059375
0 0.55546875 0.33984375 0.03125 0.05703125
0 0.48359375 0.35625 0.034375 0.06015625
0 0.13203125 0.36171875 0.034375 0.05625
0 0.3421875 0.365625 0.02734375 0.04375
0 0.42265625 0.365625 0.03515625 0.04921875
0 0.88125 0.36640625 0.034375 0.0578125
0 0.5359375 0.36796875 0.0375 0.065625
0 0.16953125 0.37109375 0.03203125 0.05546875
0 0.66640625 0.375 0.034375 0.05859375
0 0.60390625 0.378125 0.040625 0.0734375
0 0.86640625 0.03828125 0.02265625 0.040625
0 0.259375 0.3921875 0.034375 0.05703125
0 0.7359375 0.39375 0.03984375 0.06015625
0 0.6921875 0.4125 0.03828125 0.06953125
0 0.9109375 0.425 0.0359375 0.06484375
0 0.43203125 0.428125 0.0296875 0.05078125
0 0.71796875 0.44921875 0.03984375 0.071875
0 0.2890625 0.45390625 0.028125 0.03984375
0 0.071875 0.4546875 0.034375 0.05625
0 0.3625 0.45625 0.03046875 0.0546875
0 0.4953125 0.45625 0.02734375 0.046875
0 0.89375 0.46015625 0.0421875 0.06875
0 0.9265625 0.04609375 0.0265625 0.03984375
0 0.12890625 0.465625 0.04765625 0.06171875
0 0.01640625 0.4703125 0.03125 0.06171875
0 0.9921875 0.484375 0.01484375 0.05078125
0 0.41875 0.0515625 0.02421875 0.03984375
0 0.59453125 0.5171875 0.03046875 0.05546875
0 0.28203125 0.5296875 0.0203125 0.03046875
0 0.7234375 0.53203125 0.0328125 0.0546875
0 0.35234375 0.053125 0.0234375 0.0390625
0 0.940625 0.5328125 0.0296875 0.053125
0 0.45390625 0.5390625 0.034375 0.05390625
0 0.6984375 0.5515625 0.0328125 0.06015625
0 0.290625 0.56015625 0.03125 0.05703125
0 0.57109375 0.05625 0.02578125 0.0421875
0 0.11015625 0.5625 0.03515625 0.0609375
0 0.471875 0.58359375 0.03359375 0.05703125
0 0.94140625 0.603125 0.034375 0.059375
0 0.2640625 0.60546875 0.03515625 0.05859375
0 0.375 0.61875 0.034375 0.05859375
0 0.1625 0.625 0.03359375 0.06015625
0 0.390625 0.0640625 0.025 0.0421875
0 0.4734375 0.06484375 0.02265625 0.03515625
0 0.66796875 0.065625 0.02265625 0.0359375
0 0.89375 0.065625 0.028125 0.0453125
0 0.8171875 0.06796875 0.025 0.04453125
0 0.37890625 0.69140625 0.02890625 0.06015625
0 0.07421875 0.696875 0.03359375 0.053125
0 0.4078125 0.70625 0.0328125 0.06171875
0 0.5078125 0.07109375 0.02265625 0.02734375