0 0.05625 0.153125 0.0484375 0.08671875
0 0.6609375 0.153125 0.05859375 0.11875
0 0.97578125 0.1609375 0.046875 0.28125
0 0.58515625 0.1609375 0.06328125 0.1203125
0 0.34921875 0.17421875 0.059375 0.12578125
0 0.7140625 0.18984375 0.0375 0.06015625
0 0.48515625 0.221875 0.0859375 0.14765625
0 0.1765625 0.225 0.071875 0.12421875
0 0.084375 0.23515625 0.0390625 0.0984375
0 0.81015625 0.11953125 0.08671875 0.17421875
0 0.74765625 0.121875 0.03203125 0.06015625
0 0.25234375 0.1453125 0.05390625 0.0875