0 0.32734375 0.190625 0.0640625 0.0890625
0 0.82109375 0.203125 0.06875 0.10078125
0 0.7015625 0.20546875 0.0453125 0.09765625
0 0.14296875 0.21484375 0.07109375 0.078125
0 0.7484375 0.2296875 0.09765625 0.1703125
0 0.0859375 0.2296875 0.0390625 0.09375
0 0.5671875 0.25234375 0.0625 0.11484375
0 0.26171875 0.26484375 0.04765625 0.0953125
0 0.3921875 0.26640625 0.0625 0.09375
0 0.925 0.2703125 0.10546875 0.18984375
0 0.484375 0.2875 0.1171875 0.25546875
0 0.8140625 0.2984375 0.06640625 0.08515625
0 0.6265625 0.303125 0.06015625 0.1234375
0 0.83203125 0.03203125 0.059375 0.0640625
0 0.31171875 0.36484375 0.06640625 0.125
0 0.31171875 0.040625 0.053125 0.075
0 0.68125 0.40625 0.1 0.196875
0 0.21328125 0.42109375 0.1140625 0.25078125
0 0.37109375 0.42265625 0.1140625 0.1046875
0 0.06640625 0.4296875 0.125 0.25703125
0 0.8265625 0.48125 0.08671875 0.17578125
0 0.64375 0.59140625 0.12734375 0.2890625
0 0.36015625 0.59375 0.15859375 0.3046875
0 0.1609375 0.6109375 0.11015625 0.1375
0 0.14921875 0.06875 0.0796875 0.1234375
0 0.971875 0.0703125 0.05234375 0.13046875
0 0.06875 0.6984375 0.05703125 0.13046875
0 0.459375 0.71796875 0.07421875 0.11796875
0 0.74765625 0.73125 0.1265625 0.25234375
0 0.103125 0.759375 0.04375 0.11328125
0 0.2125 0.7921875 0.18203125 0.38125
0 0.94765625 0.79375 0.0859375 0.0921875
0 0.73359375 0.0796875 0.09609375 0.1359375
0 0.4984375 0.08203125 0.103125 0.16328125
0 0.62265625 0.08984375 0.1 0.16171875
0 0.71875 0.91015625 0.13359375 0.1375
0 0.365625 0.91875 0.125 0.12734375
0 0.23125 0.09296875 0.084375 0.16484375
0 0.084375 0.09296875 0.08359375 0.17578125
0 0.85 0.1109375 0.08203125 0.15625
0 0.34609375 0.12109375 0.07578125 0.10625
0 0.43828125 0.13828125 0.059375 0.10234375