0 0.66015625 0.2078125 0.053125 0.12890625
0 0.71171875 0.2125 0.04609375 0.125
0 0.50859375 0.21953125 0.0296875 0.07578125
0 0.021875 0.2421875 0.03125 0.0921875
0 0.5890625 0.25625 0.02734375 0.078125
0 0.82421875 0.25703125 0.05703125 0.1234375
0 0.93046875 0.26484375 0.034375 0.08359375
0 0.89140625 0.26875 0.0359375 0.08125
0 0.77265625 0.2953125 0.0265625 0.06484375
0 0.375 0.31953125 0.0375 0.08125
0 0.265625 0.321875 0.03671875 0.0890625
0 0.1328125 0.09609375 0.084375 0.17421875
0 0.41953125 0.1171875 0.07890625 0.1796875
0 0.5296875 0.14296875 0.06953125 0.15234375