0 0.31875 0.21015625 0.196875 0.0875
0 0.3265625 0.29296875 0.1546875 0.1015625
0 0.33359375 0.28046875 0.2078125 0.134375
0 0.28515625 0.17109375 0.18125 0.0984375
0 0.325 0.20859375 0.153125 0.153125
0 0.35390625 0.3359375 0.3890625 0.1796875
0 0.15625 0.50703125 0.1625 0.103125
0 0.325 0.22421875 0.125 0.0796875
0 0.1171875 0.83671875 0.2 0.1515625
0 0.159375 0.8359375 0.221875 0.128125
0 0.309375 0.35703125 0.253125 0.1484375
0 0.26640625 0.66640625 0.275 0.1359375
0 0.3125 0.1484375 0.2375 0.128125
0 0.1609375 0.49765625 0.2234375 0.1609375