0 0.2515625 0.1890625 0.0609375 0.11328125
0 0.28671875 0.20390625 0.01640625 0.05390625
0 0.434375 0.20859375 0.046875 0.07265625
0 0.60859375 0.21640625 0.0234375 0.046875
0 0.8296875 0.2234375 0.090625 0.1453125
0 0.38984375 0.22734375 0.0390625 0.06171875
0 0.50546875 0.22890625 0.0515625 0.08515625
0 0.165625 0.24921875 0.021875 0.04140625
0 0.9234375 0.265625 0.06953125 0.14140625
0 0.7546875 0.2734375 0.06328125 0.09921875
0 0.4578125 0.28046875 0.05546875 0.08515625
0 0.33359375 0.28984375 0.0296875 0.04140625
0 0.64453125 0.28984375 0.046875 0.08125