0 0.759375 0.1796875 0.04609375 0.084375
0 0.88515625 0.1890625 0.071875 0.16484375
0 0.4875 0.24140625 0.07734375 0.190625
0 0.25390625 0.24609375 0.0875 0.20390625
0 0.13125 0.28046875 0.08828125 0.1828125
0 0.5484375 0.2984375 0.078125 0.20546875
0 0.9625 0.3359375 0.06171875 0.20546875
0 0.18984375 0.40625 0.07265625 0.16484375
0 0.865625 0.42421875 0.0578125 0.11640625
0 0.62421875 0.48203125 0.0734375 0.16171875
0 0.43984375 0.5140625 0.115625 0.2796875
0 0.3375 0.53203125 0.08203125 0.20703125
0 0.1953125 0.5890625 0.07734375 0.184375
0 0.8609375 0.60078125 0.140625 0.29921875
0 0.61015625 0.65625 0.0796875 0.20546875
0 0.70078125 0.1453125 0.06953125 0.15234375