0 0.521875 0.15703125 0.03984375 0.06796875
0 0.8140625 0.1671875 0.05546875 0.10859375
0 0.675 0.20078125 0.0515625 0.11015625
0 0.4984375 0.2109375 0.05703125 0.09453125
0 0.41328125 0.21328125 0.06328125 0.11796875
0 0.45703125 0.2234375 0.03828125 0.090625
0 0.26953125 0.23203125 0.06484375 0.10625
0 0.1890625 0.234375 0.05703125 0.0921875
0 0.8328125 0.234375 0.04921875 0.090625
0 0.52109375 0.25234375 0.0578125 0.1265625
0 0.04296875 0.26484375 0.065625 0.11484375
0 0.80234375 0.309375 0.07890625 0.17109375
0 0.5859375 0.32265625 0.08359375 0.15234375
0 0.7078125 0.34765625 0.1 0.18671875
0 0.93671875 0.40625 0.1203125 0.23671875
0 0.871875 0.4125 0.059375 0.15
0 0.08671875 0.115625 0.0203125 0.034375